listing_id,high,medium,low
7170325,0.05619229842335688,0.43099252309219543,0.5128151784844477
7092344,0.09577215666537742,0.5564986512664484,0.34772919206817426
7158677,0.029233841510466024,0.30877746945405593,0.661988689035478
7211212,0.10679094101641809,0.40658821309524035,0.48662084588834154
7225292,0.0018620218530697728,0.04304955957746923,0.9550884185694609
7226687,0.0027959560829740574,0.15457073560900106,0.8426333083080247
7126989,0.015400845794273041,0.27434499881943886,0.710254155386288
7114138,0.23415180644504888,0.4253925839605609,0.34045560959439025
7131094,0.007206745218921731,0.036465015705478054,0.9563282390756003
7224815,0.0011732266643847996,0.04323356049368243,0.9555932128419328
7107333,0.0035635767902470156,0.06401636618546462,0.9324200570242884
7088993,0.26353096957030353,0.5854404926979524,0.15102853773174407
7216312,0.058961488340043465,0.4089389317180859,0.5320995799418706
7140668,0.02449216580935545,0.2167177878053024,0.7587900463853421
7141160,0.001389732296300885,0.07536296613349153,0.9232473015702076
7753784,0.0033844153880503124,0.10042869308529223,0.8961868915266573
7140840,0.006577647362453389,0.12499605923365767,0.8684262934038889
7172046,0.09979003175691063,0.4013278736569956,0.49888209458609367
7168225,0.0007335185229626524,0.04029320964759957,0.9589732718294377
7213185,0.0007830834744644309,0.01199231568121788,0.9872246008443177
7206465,0.044027835411048814,0.18540214575364017,0.770570018835311
7134612,0.0006552232999596905,0.037757624239251844,0.9615871524607885
7156935,1.6762596199322648e-05,0.01670545785319284,0.9832777795506078
7096161,0.0028251221393198493,0.06615060996930518,0.931024267891375
7131812,0.017673601531802086,0.19348380942947957,0.7888425890387184
7185840,0.0492506956912545,0.317487644394282,0.6332616599144635
7114220,0.00010411193048173801,0.01242918230763775,0.9874667057618804
7231209,0.006715373069805601,0.14177375548302662,0.8515108714471679
7229242,0.007524091606658375,0.15538109450356535,0.8370948138897761
7089887,0.03940284781622275,0.284780433583022,0.6758167186007552
7217009,0.060520128831354804,0.45412997992802373,0.4853498912406214
7167986,0.40602765710243444,0.4001570509540049,0.19381529194356079
7126940,0.035545573713388345,0.40031079282444243,0.5641436334621692
7159596,0.1543883804926104,0.4212931035790214,0.4243185159283682
7111210,0.6433608525733759,0.31528117336530476,0.041357974061319316
7152345,0.02885617156475322,0.11237831644406653,0.8587655119911805
7204899,0.010672095084109656,0.14047881341082724,0.8488490915050633
7230245,0.11606912153531165,0.4091073481465802,0.47482353031810837
7211226,0.059026461919114856,0.19520808376965565,0.7457654543112294
7195563,0.001871356105851164,0.11032132040319549,0.8878073234909534
7181313,0.11832125789673388,0.43559080752785073,0.44608793457541546
7206858,0.00021362782179016175,0.019861526554756967,0.9799248456234528
7126878,0.07520889101362,0.4582756334014167,0.46651547558496337
7174518,0.0024602817947968814,0.023796513955289877,0.9737432042499131
7209804,0.013885667882455708,0.2114669763065659,0.7746473558109785
7119598,0.0002464855348020557,0.05626527049257417,0.9434882439726237
7133917,0.0002401091693043328,0.013026645058980161,0.9867332457717155
7174224,0.09032298494192952,0.2891230749300741,0.6205539401279964
7157060,0.10404629159738855,0.6160335767926859,0.27992013160992557
7173006,0.040963126815586726,0.18488914268098253,0.7741477305034307
7216314,0.040152019741618986,0.06452129758373983,0.8953266826746413
7219476,0.018034971434062318,0.17531281412058153,0.8066522144453562
7139119,0.000248848816118805,0.019841633406939396,0.9799095177769417
7206653,0.0037977891676556495,0.11593131520193103,0.8802708956304134
7091061,0.008829528796005804,0.1837998927414519,0.8073705784625423
7097027,0.0007671835488987765,0.04596600834399045,0.9532668081071107
7106145,0.2709688675392182,0.4231589646496514,0.3058721678111305
7167352,0.004201706940494307,0.09891382869471878,0.8968844643647869
7168370,0.0013026125271442738,0.03590557118424153,0.9627918162886142
7097907,0.0299507814337898,0.257808694658154,0.7122405239080561
7231268,0.11656629789430384,0.33072760726412664,0.5527060948415694
7136953,0.05783197007964316,0.5162006243680722,0.42596740555228474
7163499,0.00021244236897559625,0.024882928966541085,0.9749046286644835
7205089,0.02648226236312675,0.19055475012712308,0.7829629875097502
7215442,0.008546598280148875,0.11397759430884435,0.877475807411007
7221305,0.0022073384413583,0.04075159528189313,0.9570410662767487
7218351,0.030831591066568645,0.3889648691779897,0.5802035397554417
7148695,0.03349274680828312,0.1757135609055521,0.7907936922861648
7134031,0.03471237586255085,0.4837560992765031,0.481531524860946
7194919,0.03521414416077292,0.22383291155856644,0.7409529442806607
7198551,1.465855380335685e-06,0.002570612474022233,0.9974279216705977
7090836,6.114526237586847e-05,0.005139594698744149,0.9947992600388799
7129585,0.011991331386363994,0.1754322463054369,0.8125764223081992
7107617,0.13237256518059673,0.4683127491624161,0.39931468565698713
7232120,0.18280608110877114,0.4886805811008736,0.3285133377903553
7158471,0.002981402410217147,0.013587763511809639,0.9834308340779733
7117491,0.0005225023816619585,0.014954667653143364,0.9845228299651948
7194997,0.0024690455397183174,0.07566187273677633,0.9218690817235056
7184842,0.13582878475334195,0.4540396169416001,0.41013159830505785
7111019,0.014759448123656899,0.24072202041641366,0.7445185314599294
7149858,0.08030348920389462,0.13160411120371396,0.7880923995923914
7141788,0.007960407343681194,0.18465812863623382,0.807381464020085
7134172,0.03126318835989394,0.4087102123585329,0.5600265992815732
7233228,0.04944814826110577,0.4117379796016658,0.5388138721372284
7166956,0.0014973195289174253,0.04253699608553355,0.955965684385549
7134741,0.005752930031502616,0.07345251567180322,0.9207945542966941
7148587,0.0002813597904995933,0.003759147893761153,0.9959594923157392
7114391,0.09812513619001204,0.42428212487640937,0.47759273893357856
7210245,0.004255349701687603,0.1530737636978129,0.8426708866004994
7200221,0.4091023093079336,0.4875924840349407,0.10330520665712564
7176451,9.149236772655419e-05,0.014536390852837523,0.9853721167794358
7112578,0.00014001645465992738,0.0024850015530617723,0.9973749819922785
7169964,0.0712003616607968,0.48904360790904755,0.43975603043015565
7129699,0.21531245129892537,0.23819302927524652,0.546494519425828
7192613,0.012749097565699207,0.16641366665892335,0.8208372357753774
7137236,0.001583451661982229,0.055538796073528365,0.9428777522644893
7129545,0.0013426154857516673,0.057162430331116613,0.9414949541831318
7167474,0.05490963567731961,0.3053455275101077,0.6397448368125727
7187520,1.687961393700483e-05,0.002150055621348642,0.9978330647647143
7219030,0.028340702741562064,0.22279959375517397,0.748859703503264
7194762,0.036774568795678635,0.2673819710507987,0.6958434601535227
7223079,0.0704751596999305,0.36430136965096005,0.5652234706491095
7197337,0.01312966282669417,0.31617582341977807,0.6706945137535278
7103559,0.04987350063864692,0.35202110996492514,0.5981053893964279
7112266,0.02233252095227266,0.20007987861613355,0.7775876004315937
7172018,0.2032250691342351,0.4988188711377817,0.29795605972798306
7161834,0.033213571157320716,0.22137534821886856,0.7454110806238108
7135375,0.008596827820242268,0.15602732514033135,0.8353758470394264
7129249,0.014044023577175439,0.180728342489245,0.8052276339335795
7125143,0.002607551498456487,0.08881587465239019,0.9085765738491531
7151407,0.4902849290467378,0.47398141262523813,0.035733658328024144
7223550,0.0002745542985380069,0.032038270995149096,0.967687174706313
7223021,0.361647070668741,0.49631426890160324,0.14203866042965593
7174183,0.007029098902065627,0.16118816423865912,0.8317827368592753
7202273,0.0009955463365967925,0.013353951171113038,0.9856505024922902
7161696,0.09294731986068983,0.31120611648272173,0.5958465636565884
7225795,0.006575185658077083,0.16123568309871603,0.8321891312432068
7095668,9.664513532857875e-05,0.011842251371323356,0.988061103493348
7234386,0.30157273190369094,0.5461078368785001,0.15231943121780905
7230215,0.08444324162901831,0.29795688871687126,0.6175998696541104
7127331,0.004186018127255561,0.15850806594202488,0.8373059159307196
7167945,0.014186839089017954,0.16599965477266043,0.8198135061383216
7190799,0.011310989382654598,0.20908686692274056,0.7796021436946047
7120422,0.013210918110012416,0.13046501506581326,0.8563240668241743
7220083,0.005056430061841045,0.04044442098322684,0.9544991489549319
7103388,0.2147436143554679,0.5333475169719473,0.2519088686725849
7163634,0.18256061366159676,0.21554896374304403,0.6018904225953592
7124748,0.7942518271362062,0.2028493611713766,0.0028988116924172237
7220833,0.054108047216981994,0.45471918949267964,0.4911727632903383
7214952,0.011819492029317322,0.2700564891195021,0.7181240188511805
7116891,0.12924187081684219,0.5539216225148113,0.3168365066683465
7137270,0.014489371161445821,0.258998084352073,0.7265125444864813
7137935,0.051941117261309885,0.05101729752115853,0.8970415852175314
7150092,0.0002015909272047842,0.00717357432097806,0.9926248347518171
7144140,0.0011122607511882684,0.02663732394874204,0.9722504153000695
7100389,0.1481927248549925,0.45871418748085135,0.3930930876641561
7221077,0.02552698438592841,0.28828349011016424,0.6861895255039073
7219078,0.050387194815835284,0.46049836465547345,0.4891144405286914
7095541,7.350507283860476e-05,0.025444362428544757,0.9744821324986165
7203328,0.36161538881616734,0.4184849920207244,0.21989961916310835
7087981,0.04229941435132427,0.43065243627303906,0.5270481493756368
7229492,0.008189504764172233,0.13294078458390324,0.8588697106519246
7206615,0.024788374319810475,0.22885894653638966,0.7463526791437999
7120758,0.021669489912366585,0.21374754879761462,0.7645829612900189
7107623,0.055644280000824,0.2401453461765978,0.7042103738225782
7136685,0.013915823951023068,0.17988183904383254,0.8062023370051444
7146873,0.0021428006663776183,0.052765749089215046,0.9450914502444072
7173496,0.05271451149597464,0.3729724205043289,0.5743130679996964
7223131,0.17652111000251544,0.650700789861509,0.17277810013597558
7126261,0.34403158133777334,0.5679823964621462,0.08798602220008045
7153662,0.018210018530314183,0.10054466383621566,0.88124531763347
7096174,0.27273244971392174,0.47696112629469783,0.2503064239913806
7169773,0.000958895777326246,0.022113695547413048,0.9769274086752608
7166336,0.0004171298478769435,0.005847408546802298,0.9937354616053209
7214496,0.005225512626669172,0.13389990246155,0.8608745849117807
7132195,0.06846951688936032,0.37913604812820356,0.5523944349824362
7105198,0.002833847071148819,0.11301451744199252,0.8841516354868586
7105648,0.004533620101401189,0.10420160177843533,0.8912647781201634
7112992,0.0013683956468006626,0.06616841773836557,0.9324631866148338
7192198,0.04129428408354059,0.3756177801530201,0.5830879357634393
7105389,0.20900973848108048,0.5931814557757636,0.19780880574315596
7120917,0.026349790121737694,0.28005833347234715,0.6935918764059151
7136806,0.28261892491596424,0.4887042714728895,0.2286768036111463
7109319,0.009459013035586541,0.2612243874540841,0.7293165995103293
7115282,0.036494072061020406,0.40500763310085125,0.5584982948381283
7146676,0.09645038866864954,0.3380310158607223,0.5655185954706282
7215893,7.265971864501215e-05,0.0017707033795478315,0.998156636901807
7165629,0.15157058681158775,0.3331358572070239,0.5152935559813883
7219540,0.08747440229337691,0.24563247074273412,0.666893126963889
7136465,0.012070486181954089,0.08214946215235355,0.9057800516656924
7232225,0.040829249100234465,0.3096112951694273,0.6495594557303382
7105202,0.028773035907650787,0.40620393355446344,0.5650230305378857
7126430,0.0013124795326843446,0.142800525801704,0.8558869946656118
7111867,0.0005675582125704206,0.018354501164860117,0.9810779406225694
7146798,0.005330501789048563,0.09071393278061855,0.9039555654303327
7092134,0.17816565782020746,0.5514918412364977,0.2703425009432948
7156595,0.3041375253241653,0.35260800977940676,0.3432544648964279
7230524,0.05516920292353091,0.3192955445144405,0.6255352525620286
7096089,0.00275976113199122,0.04878479760744166,0.9484554412605672
7204276,0.010649010612943353,0.18128653304469886,0.8080644563423578
7187503,9.794754273088337e-06,0.0015963480762813957,0.9983938571694456
7157119,0.03671845956483203,0.39312725671005905,0.5701542837251088
7205310,3.2583941397146756e-05,0.00900636611683466,0.9909610499417683
7116785,0.0860109509377986,0.2945707963512931,0.6194182527109083
7220345,0.00025403095720013803,0.008340137564645422,0.9914058314781544
7213335,0.004213230630267889,0.03997292912578346,0.9558138402439487
7226774,0.0434272164814511,0.4198609310433389,0.5367118524752101
7139673,5.4592962269240556e-05,0.0061865202718863034,0.9937588867658445
7158994,0.20294957625936433,0.6109404275745356,0.1861099961661002
7233238,0.00015383681466410294,0.0691307144550838,0.9307154487302521
7139917,0.22294849512197168,0.4532588441418137,0.3237926607362145
7141300,0.09644056337078073,0.4096745964008495,0.4938848402283697
7145411,0.001604754868285839,0.08188590331938732,0.9165093418123269
7207430,0.027073808139782753,0.10832781793310312,0.8645983739271141
7125901,0.0001818610340780575,0.0038131257275000395,0.996005013238422
7148635,0.03120116279751423,0.12284621364920874,0.845952623553277
7190493,0.001993989861356302,0.03780618552462413,0.9601998246140196
7183609,0.12352464006260964,0.4117081963874278,0.4647671635499626
7105489,0.04632752816198975,0.38692089349883413,0.5667515783391761
7199702,0.022833049993308683,0.3320115187155382,0.6451554312911533
7232177,1.5415709854588637e-10,4.289714138719606e-06,0.9999957101317041
7699396,0.07661364833067227,0.3043872502978708,0.618999101371457
7187542,0.03822420805653911,0.19114218843368352,0.7706336035097774
7203495,0.015482126820630502,0.2377627931826211,0.7467550799967484
7154804,0.05654739936360106,0.3669220992842407,0.5765305013521582
7213096,0.007008583323782926,0.052983143383886294,0.9400082732923306
7229112,0.0010977296324729763,0.16359466046679447,0.8353076099007324
7195985,0.02611536419265732,0.24143779740647855,0.7324468384008643
7128989,0.1453045877799606,0.4380641028578725,0.4166313093621668
7201340,0.261072308961273,0.5907161207253205,0.14821157031340657
7160416,0.058580717376918015,0.3595330777744659,0.5818862048486161
7145487,0.00039773659771102807,0.028207961489205936,0.9713943019130832
7132045,0.0070666305084817445,0.0723261921480461,0.9206071773434722
7127946,0.1650141073868647,0.2545775125109426,0.5804083801021925
7164531,0.049245993782460216,0.3227819081060761,0.6279720981114637
7221942,0.3156964450580195,0.5355924155681189,0.14871113937386146
7192439,0.005863107693665711,0.03625318144759528,0.957883710858739
7140922,0.008519006817218455,0.22727614117424674,0.7642048520085348
7181426,0.24976009031030513,0.49270700666998996,0.2575329030197049
7088015,9.344401153452218e-06,0.007670282481757158,0.9923203731170894
7162106,0.1366833085304558,0.46197327114411246,0.40134342032543174
7138311,6.825706472041514e-05,0.005380665342947431,0.9945510775923322
7188806,0.023362266030223663,0.15541747275190418,0.8212202612178722
7164370,0.0007697115243336116,0.025294111293947222,0.9739361771817193
7162259,0.012954800156380489,0.13826916034854822,0.8487760394950713
7131606,0.5734091216623272,0.3995348745574301,0.027056003780242845
7204441,0.04615624624657724,0.29412041191684146,0.6597233418365812
7189092,0.00019317885249289107,0.011622077906161146,0.9881847432413462
7119739,0.009533007047712603,0.12051954779087232,0.8699474451614151
7099579,0.01674555549719568,0.19321590359952787,0.7900385409032764
7164940,0.020824981936196692,0.1999650228684227,0.7792099951953807
7091677,0.026158679448936434,0.456349888244639,0.5174914323064246
7159173,0.006447232506981295,0.18931310694920478,0.8042396605438139
7144584,9.468830757332916e-06,0.0030706262939528915,0.9969199048752897
7170465,0.005871504443671655,0.11404700034679591,0.8800814952095326
7145105,0.007497050239627549,0.11573580206086438,0.876767147699508
7174989,0.0021124067052866687,0.05517925259741009,0.9427083406973032
7187660,0.009194645040256804,0.14785840902729747,0.8429469459324458
7101204,0.0008279324109137831,0.022201907884486196,0.9769701597046001
7174250,0.2771471634918333,0.37390111529911807,0.3489517212090485
7206561,0.004444835550304183,0.09059210675491731,0.9049630576947786
7168239,2.561521275485015e-05,0.005080642646505094,0.9948937421407399
7115466,0.17850838475097836,0.4990951019614954,0.3223965132875262
7150492,0.13941678587144377,0.4925741766751465,0.3680090374534097
7200687,0.23232788541114538,0.47934542581244444,0.28832668877641005
7118336,0.011142114094185442,0.12086424636128366,0.8679936395445309
7113766,0.04186761710391072,0.49341688266418465,0.46471550023190455
7234398,0.03581064376029728,0.24747604859589006,0.7167133076438126
7219996,0.0029929642031691745,0.028948393865531434,0.9680586419312993
7166766,0.23601012456719553,0.49279570672505896,0.2711941687077456
7168961,0.1615479960434411,0.49918588990145674,0.33926611405510204
7091303,0.09366706449006063,0.172533848996471,0.7337990865134683
7113377,0.4073848744984235,0.49730561751969976,0.09530950798187666
7116917,0.5102898188390534,0.4197450963387667,0.0699650848221798
7157778,0.043983425297487146,0.266086774953612,0.6899297997489009
7143672,0.00014280021558740354,0.018714486241874783,0.9811427135425379
7185468,0.21976195468840246,0.5543448717564491,0.22589317355514857
7209367,0.26156439764986855,0.6681343520479358,0.0703012503021957
7131313,0.0036140124938152706,0.10145676466509268,0.8949292228410919
7090615,0.015045781222161743,0.19782520506821508,0.7871290137096231
7119653,0.0031802827272597077,0.04020135292031162,0.9566183643524286
7214357,0.0007065269853343708,0.06889541177338668,0.930398061241279
7190958,0.5273418604135682,0.3967979810460741,0.07586015854035771
7185090,0.019197940667979467,0.25614550415829307,0.7246565551737274
7106402,0.0010675541892164369,0.018225544486423478,0.9807069013243601
7091710,0.038481910529051776,0.46668329970979444,0.4948347897611539
7229732,0.005212283153042473,0.28803097803000344,0.7067567388169541
7191894,0.19453641742335726,0.4635364262056094,0.3419271563710332
7110757,0.024718351844829702,0.22379819921605318,0.7514834489391171
7099217,0.11572065397887962,0.4243969242280713,0.45988242179304906
7225712,0.0020075411305434656,0.03194350127653836,0.9660489575929182
7168382,0.0008473319999268792,0.02555916935671487,0.9735934986433584
7233700,0.009494287170801592,0.13333997453941634,0.857165738289782
7194838,0.12515688801033234,0.2815167152478709,0.5933263967417967
7087718,0.2343567941935556,0.3230176959080351,0.4426255098984094
7176108,0.03580719402509299,0.1697425228584538,0.7944502831164532
7208072,0.03137364710353887,0.2915776439814948,0.6770487089149664
7223233,0.11195360074711941,0.4468172478437063,0.4412291514091743
7142533,0.036935984607888724,0.21433281017499672,0.7487312052171144
7102561,0.06273406339942231,0.2384293181102917,0.698836618490286
7151758,0.0003310366949963091,0.009783195749597328,0.9898857675554065
7155462,0.0034669202432943864,0.061607962632037064,0.9349251171246685
7192662,0.08715812214507886,0.5146097310678039,0.3982321467871173
7158810,0.2618333884108633,0.49605461793261446,0.24211199365652233
7170591,0.24620871469752367,0.43932794788695645,0.3144633374155198
7300648,0.5313260395397832,0.36108983402249145,0.10758412643772543
7147363,0.5111755483605009,0.4026578285809954,0.08616662305850366
7099751,0.17593326769647413,0.5316985252606548,0.29236820704287103
7210590,0.003575862327099284,0.11016527449769753,0.8862588631752031
7153703,0.0052717017118873895,0.02938202852145562,0.9653462697666572
7204272,0.1802207169828033,0.4233768700643517,0.396402412952845
7121308,0.12712863863416018,0.39250013768443154,0.4803712236814082
7168526,0.041116968474264694,0.2684351581743327,0.6904478733514027
7114682,0.024871087028157098,0.15304954205603166,0.8220793709158111
7223738,0.00020382958648262013,0.026819480399898135,0.9729766900136192
7134558,0.08762440883791167,0.3033085388933517,0.6090670522687366
7226520,0.0028725342181457206,0.0635183141935441,0.9336091515883103
7112715,0.00044598498213230763,0.0428817610829217,0.9566722539349459
7087774,0.017459712425739102,0.05453016361708745,0.9280101239571736
7161513,0.05282817386596687,0.3004325009983404,0.6467393251356928
7179526,1.5734336734600627e-06,0.0006321203893014111,0.9993663061770253
7224031,0.20158436652840386,0.46564595460023894,0.33276967887135717
7207741,0.019855845216466633,0.1253896646451636,0.8547544901383697
7106492,0.0017654877412042625,0.014782916143248009,0.9834515961155479
7158913,0.07040118827035452,0.3376860506094409,0.5919127611202045
7173462,0.14788219814557704,0.49546702304957574,0.35665077880484725
7200621,0.17801680967884495,0.3753655814959038,0.4466176088252512
7187028,0.07516445748533307,0.21344935977368507,0.7113861827409819
7125363,0.006859454944314442,0.16631132689473946,0.8268292181609461
7130366,0.00010137576719624281,0.026757367951369928,0.9731412562814338
7139958,5.538391401369501e-05,0.006403135827329726,0.9935414802586565
7208769,0.005376809695485004,0.08716019040343025,0.9074629999010848
7103416,0.010124108262412359,0.22018997645599503,0.7696859152815927
7090765,0.0009435276872795598,0.013529567322742344,0.9855269049899782
7117601,0.36519920565659264,0.41597005360224976,0.21883074074115755
7137984,0.0031284440444571374,0.08706899864211763,0.9098025573134251
7100838,0.0006311659038916558,0.007808213910795294,0.9915606201853129
7144427,0.4316217339304412,0.37554071853229015,0.19283754753726862
7135068,0.00405718111915543,0.10058005667792713,0.8953627622029174
7202577,0.0008954622456435358,0.016539314982455807,0.9825652227719007
7156817,0.01763333131633198,0.23060258391406893,0.7517640847695991
7137239,0.027484522426832757,0.20333151085365153,0.7691839667195157
7206216,0.0035151674256126593,0.08732945134453188,0.9091553812298555
7110900,0.060872135374340754,0.33794641024700856,0.6011814543786507
7214414,0.01442920745947845,0.27592787205236186,0.7096429204881597
7130424,0.3607630571704631,0.5089143038176154,0.13032263901192148
7152362,0.0020580900724036033,0.09040839317052235,0.9075335167570742
7088531,0.003751401555433868,0.13018783952494198,0.8660607589196242
7168341,0.005727794541145494,0.11067186209220134,0.883600343366653
7159381,0.08868134290960801,0.32970310569183164,0.5816155513985604
7164902,0.3024830924600672,0.4785518336185059,0.21896507392142692
7124373,0.00020350221755921206,0.006723220504358849,0.9930732772780818
7230906,0.21458523066960766,0.5759264281759174,0.20948834115447498
7184708,0.6678653599640517,0.3151672937527419,0.01696734628320635
7193065,0.056327550507709004,0.47491230814141483,0.4687601413508761
7166642,0.013691976639805405,0.10517513956524079,0.8811328837949538
7224785,0.012711413175943143,0.13847074848730662,0.8488178383367503
7119275,0.020327840897791372,0.21092306720683152,0.7687490918953771
7157285,0.03661268300425483,0.2980208390459762,0.665366477949769
7217806,0.037868506954900016,0.2330273806655763,0.7291041123795237
7091219,0.06821219537020509,0.4567356859830841,0.4750521186467108
7135976,0.0024123541899162527,0.1086597510298567,0.888927894780227
7201922,0.039464821132890404,0.2686095798393366,0.691925599027773
7170059,0.06322181678858743,0.331238865434483,0.6055393177769297
7129328,0.020056983164507866,0.1475067256151425,0.8324362912203497
7160501,0.01173081754744824,0.19040094364590848,0.7978682388066433
7167754,0.010893363661901374,0.2209677709465694,0.7681388653915293
7215169,0.0030804170984595975,0.09806087146229964,0.8988587114392406
7130741,0.00025132097490188066,0.01628371541934634,0.983464963605752
7157915,0.5632185491113821,0.34052490747296876,0.09625654341564915
7153893,0.000610194668214508,0.01346755613622621,0.9859222491955593
7175290,0.007226728692267778,0.18424335140132464,0.8085299199064077
7222894,1.3186110974883661e-05,0.0020222828469474248,0.9979645310420777
7143730,2.4890435582609828e-06,3.074074174886046e-05,0.999966770214693
7127900,2.6191421619069017e-05,0.003611670056968118,0.996362138521413
7096090,0.00019205016538023577,0.03486445725102425,0.9649434925835956
7143025,0.22385927876713904,0.5813381773198084,0.19480254391305257
7117553,0.007558184010940492,0.13097058653576155,0.8614712294532981
7185559,0.10932525556090424,0.40958088981890767,0.48109385462018806
7232795,0.1710284891450666,0.5588254408642498,0.2701460699906836
7095707,0.001153285468496009,0.045750002033763025,0.953096712497741
7198777,0.04767367742840632,0.4737424826475676,0.4785838399240261
7123382,0.0222714957960429,0.15634707211923746,0.8213814320847197
7158186,0.015352494148959516,0.15653951366251906,0.8281079921885215
7126821,0.4315971271149178,0.47416707229291094,0.09423580059217126
7171981,0.013276398488572459,0.22806897888407207,0.7586546226273554
7147974,0.3934862553192924,0.4369916042216589,0.1695221404590487
7090493,0.016706817012860496,0.16452549213211373,0.8187676908550258
7092218,0.4307950959845342,0.5298679382816742,0.03933696573379162
7088124,0.0013903578903098513,0.15437548461561906,0.8442341574940712
7187536,0.016719890362135253,0.05346530594883268,0.929814803689032
7088568,0.0017838604905747392,0.04751016925195344,0.9507059702574718
7166833,0.0009008930098271874,0.03007527897195586,0.969023828018217
7088798,0.11825396253192351,0.5393450094034422,0.3424010280646343
7204708,0.020178751168012054,0.13466428382920187,0.845156965002786
7103044,0.007944790335540429,0.16634105169848173,0.825714157965978
7194049,0.02318842282694973,0.3199087181464034,0.6569028590266469
7169942,0.004736680877702185,0.11792474506638473,0.8773385740559131
7170318,0.18426100985927582,0.5465011330599516,0.26923785708077247
7165386,0.015699007016514874,0.18212424328965635,0.8021767496938288
7206346,0.0022628435039503576,0.09910224062540138,0.8986349158706483
7208337,0.028026698584616736,0.16349550843761396,0.8084777929777693
7140820,0.04437566536391974,0.3170401132373224,0.6385842213987578
7194486,0.4630965486630092,0.4299434988286181,0.10695995250837265
7105614,0.03373818899422349,0.319181945407116,0.6470798655986607
7178265,0.019975264879214496,0.32531549457533454,0.6547092405454509
7439407,0.0002366198042681044,0.01013126511971519,0.9896321150760166
7135550,5.376594212507301e-05,0.0035778379306323476,0.9963683961272426
7092435,0.0022647095429179412,0.12323151365858385,0.8745037767984982
7189120,0.05940780828561744,0.2181545197129278,0.7224376720014547
7127815,0.00783840475898783,0.0845933091307183,0.9075682861102937
7099446,0.029329647056305145,0.21557285857032213,0.7550974943733728
7123391,0.011276059343851768,0.11307435031413335,0.875649590342015
7227520,0.21062850728678867,0.434396899675872,0.3549745930373393
7141615,0.03806681747573489,0.42800599772717357,0.5339271847970914
7185499,0.4929309925089466,0.3333061507321844,0.17376285675886888
7150727,0.02947508491323704,0.14095581593539944,0.8295690991513635
7115250,0.0005734295057768604,0.06865989252380264,0.9307666779704203
7182954,0.14564751996605999,0.56454963789295,0.28980284214099006
7212945,0.03792617730537046,0.2623666314570552,0.6997071912375743
7214737,0.023908290699263535,0.20245065687741734,0.7736410524233192
7162022,0.035682779196141545,0.2692585423745114,0.695058678429347
7184817,0.02676672984529706,0.2605537381142723,0.7126795320404307
7126169,0.05274378123759443,0.4252883355416511,0.5219678832207545
7218092,0.005778723294859361,0.08585719372237388,0.9083640829827668
7130017,0.4016759053968228,0.5016207404565669,0.09670335414661026
7158870,0.03450695386013005,0.35341778311327327,0.6120752630265966
7185260,0.006695978030747767,0.19868038560453274,0.7946236363647196
7133320,2.4065431894039823e-05,0.00332910701088946,0.9966468275572166
7134086,0.00014104841883652938,0.024786950644629987,0.9750720009365333
7115154,6.448001545106737e-05,0.022225990330499105,0.9777095296540497
7223279,0.01361764155454148,0.2422044233106192,0.7441779351348393
7135324,0.0074272939547235526,0.055561723760800666,0.9370109822844759
7140186,0.004464167096061578,0.09012387359538701,0.9054119593085513
7208829,0.0023893929879022936,0.06406272487485533,0.9335478821372425
7195591,0.25809001829364253,0.47666012920581013,0.26524985250054733
7132576,0.030973348205221962,0.13599390952294718,0.833032742271831
7128756,2.6795241639821278e-05,0.0042677077843487595,0.9957054969740115
7124104,0.18001402922056703,0.5257484859292771,0.29423748485015583
7096061,2.9185440011544107e-05,0.01105682041724803,0.9889139941427405
7152668,0.4229250372623918,0.4104945579365778,0.1665804048010304
7146106,0.012689209107222387,0.2062014561083406,0.781109334784437
7162304,0.017786094977987266,0.35139402762622873,0.6308198773957839
7138891,1.2809491735089775e-05,0.0026094978678705893,0.9973776926403942
7145131,0.004922329337057223,0.10541269248291181,0.8896649781800311
7109739,0.009895731302386362,0.07538830472472394,0.9147159639728897
7121138,0.010821500820991285,0.22976257541095943,0.7594159237680492
7119893,0.012132141993341169,0.12270309429439154,0.8651647637122672
7180107,0.085138562516975,0.38680154341790846,0.5280598940651166
7197581,0.0009695269714897701,0.027055632898666887,0.9719748401298435
7146503,0.022102193474095384,0.14847809681365914,0.8294197097122455
7165066,0.27499201461472417,0.5505409353157279,0.17446705006954785
7126403,0.20718467418072892,0.4454815907382995,0.34733373508097154
7152179,0.03039962745381145,0.5444188656364336,0.4251815069097548
7113375,0.07593459512862041,0.32500788263340485,0.5990575222379748
7228553,0.0004407971656588121,0.013351008341646745,0.9862081944926944
7200224,0.11862483489508856,0.49365307696826477,0.3877220881366466
7111118,0.0964277602676642,0.5049142865903115,0.3986579531420244
7159977,0.14878660988123452,0.5219784139391714,0.32923497617959413
7156707,0.14103358831673574,0.49263060259792146,0.3663358090853428
7101317,0.00014444307961998878,0.014090138205370374,0.9857654187150096
7225762,0.02405646127409073,0.22809480340020072,0.7478487353257085
7208269,0.035413018883082924,0.30469835327310557,0.6598886278438115
7093542,0.017071291131903435,0.17819130634185656,0.8047374025262399
7165907,5.637129291083205e-05,0.004530929487222954,0.9954126992198661
7170729,0.19155839415165252,0.5520775655856831,0.2563640402626645
7132997,0.5646107447017029,0.34401742563445464,0.0913718296638424
7118099,0.0004917226449970419,0.017783713794657922,0.9817245635603451
7091365,0.07493833648999347,0.4223389921932915,0.502722671316715
7140656,0.030333356788997196,0.3594242368085604,0.6102424064024424
7158052,0.04674967945569175,0.11245685758360927,0.840793462960699
7099910,0.02439430370439983,0.26796177740018473,0.7076439188954154
7150580,0.42336074968907716,0.4078640760839526,0.16877517422697036
7098239,0.12667297518011209,0.3814632852184193,0.4918637396014687
7197078,0.04594941533567966,0.20677046577439115,0.7472801188899291
7162719,0.037543592442597744,0.27509244818464496,0.6873639593727573
7211853,0.02241013783673021,0.25260452219174395,0.7249853399715257
7097605,0.040117850291128195,0.3845899281854049,0.575292221523467
7101194,0.002752027335512804,0.03678110962648084,0.9604668630380064
7133240,0.0872772771293382,0.144289484667249,0.7684332382034128
7108891,0.0018249692104586066,0.024025728460466522,0.9741493023290748
7117383,2.3049665969867637e-05,0.0056916741564850045,0.9942852761775451
7093570,0.4472128532232291,0.404160015665702,0.1486271311110689
7227943,0.0014318457567106735,0.03949884179823079,0.9590693124450584
7188441,0.0038418235580222715,0.07175290830918671,0.924405268132791
7123083,0.07843691407923269,0.3412978574416959,0.5802652284790715
7200547,0.010102754250984527,0.19589010170308152,0.7940071440459339
7112964,0.024269777753826473,0.31324305764460325,0.6624871646015702
7196283,0.002389967452115835,0.04983469107698372,0.9477753414709005
7122998,0.00023816976032353017,0.0747892259224851,0.9249726043171913
7143211,0.06989970691114632,0.4636243385588623,0.4664759545299912
7096958,0.014014366931388493,0.04096576284237171,0.9450198702262398
7212066,0.0060123747223936475,0.11842136429281667,0.8755662609847895
7224977,8.322692884498069e-05,0.017797191302010004,0.9821195817691452
7164077,0.02551148588226823,0.2843797425110535,0.6901087716066783
7189663,0.0005232139739869398,0.02974420404083161,0.9697325819851814
7191992,0.19318705951383872,0.4855800149635201,0.3212329255226413
7096628,0.0005510139680085917,0.02677318111588681,0.9726758049161045
7128513,0.14238859980085908,0.40042088613363214,0.4571905140655088
7145258,0.0022181543579614495,0.07534252941843647,0.9224393162236021
7121447,0.003112175808498605,0.058899962435865164,0.9379878617556361
7175233,0.020472009260264344,0.12867560602049455,0.8508523847192412
7214718,0.002021212231325303,0.10500828186968185,0.8929705058989929
7097227,0.0239108914600355,0.13542698469141198,0.8406621238485524
7129717,0.37439731634506407,0.45392123790658784,0.17168144574834807
7213268,5.607569443114347e-05,0.0022059197771715205,0.9977380045283973
7215152,0.0008550808209214168,0.016777811654480144,0.9823671075245984
7116433,0.0055329221204738184,0.1770030423407012,0.817464035538825
7134839,0.1386389835375356,0.48276128959060693,0.3785997268718574
7132340,0.0029571765729403863,0.11464443119321835,0.8823983922338413
7178261,0.020806436979703646,0.27084923978892006,0.7083443232313763
7110722,0.09379112702144077,0.4568732544882109,0.4493356184903482
7117144,0.0001367964204207946,0.008739776381590911,0.9911234271979882
7105336,0.03560554107622971,0.12098060284377644,0.8434138560799939
7099855,0.2150544338944359,0.5799048747223717,0.20504069138319228
7230152,0.0038501850411682592,0.031992967827313444,0.9641568471315185
7231519,0.0018737252604319684,0.024930516743742456,0.9731957579958256
7145921,0.5793625577150754,0.31966108909747637,0.1009763531874483
7110847,0.054179504312199145,0.34103900772998413,0.6047814879578166
7112314,0.00280863798340377,0.027307409528979202,0.969883952487617
7104891,0.009467572005809336,0.19599668382625907,0.7945357441679317
7172700,0.06426628722879818,0.36125740074415363,0.5744763120270481
7200298,0.10492625022699681,0.4422485739671306,0.45282517580587245
7171498,0.4823178477899656,0.45078818851949454,0.06689396369053986
7154611,0.01202762433548856,0.26208855617486554,0.7258838194896458
7527148,0.002976934487898797,0.06263865950264044,0.9343844060094607
7157154,0.18684073561531697,0.41700392783540985,0.3961553365492731
7137663,0.007881739573997513,0.18026483240851227,0.8118534280174903
7195515,0.00018361109159151286,0.03930037136800983,0.9605160175403987
7217169,0.3826836310265444,0.5018291731704846,0.11548719580297097
7209350,0.06973330221317081,0.4485723919386472,0.48169430584818207
7163306,0.1555587927063462,0.3913718572829556,0.4530693500106983
7197474,0.027903019186563377,0.17293518831446128,0.7991617924989753
7231004,0.0013098083871685264,0.02775291319879987,0.9709372784140318
7159380,0.008913190824417253,0.08231977145783549,0.9087670377177474
7123572,0.00014408354784519354,0.021913160489145336,0.9779427559630094
7191368,0.3466046003877311,0.5527497856807477,0.10064561393152122
7152555,5.7147557319667385e-06,0.0007613745576290837,0.999232910686639
7216308,0.14989219528351688,0.5340940728139815,0.3160137319025016
7089607,0.039262282789348,0.41311592200927366,0.5476217952013783
7146576,0.0009222431553759985,0.028875146287403477,0.9702026105572207
7226283,0.006798080951883896,0.17605441899686136,0.8171475000512548
7154617,0.011614552001961992,0.14259208302480972,0.8457933649732283
7155290,1.1226824263133117e-05,0.0038674251569128138,0.996121348018824
7088441,0.0009587962286690231,0.12825525019321984,0.8707859535781112
7193312,0.0009996778920936577,0.024175867688795465,0.974824454419111
7221535,0.004300102617753857,0.1783188900056153,0.8173810073766308
7142402,6.492528931611251e-05,0.011107882402522654,0.9888271923081612
7135382,0.3290844863818354,0.4527020463212528,0.2182134672969118
7152982,0.00010204656372826813,0.01065731671326226,0.9892406367230093
7158841,0.1336196130082023,0.5141287291489048,0.35225165784289275
7106533,0.004231413110917542,0.10468962534598394,0.8910789615430985
7112395,0.10120197818376205,0.40065942731688775,0.4981385944993502
7154174,0.10252618646507168,0.48801858185985514,0.4094552316750731
7091023,0.0024846947576693734,0.019185021880847287,0.9783302833614832
7135662,4.862124717148382e-05,0.01464685259740962,0.985304526155419
7116134,0.008847624438595136,0.08896285469586161,0.9021895208655432
7234345,3.104954234253486e-05,0.004781477200942561,0.9951874732567149
7193206,0.02855150472443339,0.2975144502962497,0.673934044979317
7216912,0.00853865012008722,0.22144047239937545,0.7700208774805374
7095936,0.00029666531158696575,0.01610453927174176,0.9835987954166714
7093169,0.2461878315193006,0.4331712402054415,0.3206409282752579
7144609,0.002503902311134913,0.026849095159603802,0.9706470025292613
7167712,0.20371728861912294,0.4675176078797648,0.32876510350111215
7231483,0.005325290517110433,0.03752998765949589,0.9571447218233936
7206594,0.06828560772435759,0.4671610388385921,0.46455335343705023
7202822,0.02143543625447665,0.09630222999467582,0.8822623337508475
7225587,0.11007369936301703,0.40155398772895906,0.488372312908024
7123487,0.00311984045981109,0.09012569510663668,0.9067544644335522
7211664,0.02552982451733476,0.3137839060934034,0.6606862693892619
7222295,0.1067628750404688,0.3776315028652464,0.5156056220942848
7158858,0.006480595681605752,0.14918261974390118,0.844336784574493
7167084,0.0039960210944239806,0.06104731637965068,0.9349566625259255
7147023,1.8537093926625995e-06,0.004329839833255736,0.9956683064573516
7151465,0.053306359960358575,0.29935621255671857,0.6473374274829229
7222897,9.354412438913495e-05,0.007638813325619649,0.9922676425499913
7141466,0.01869170238626952,0.28392984773187735,0.6973784498818532
7151245,0.3853762209313565,0.40992239412054365,0.20470138494809986
7092884,0.1722563600453228,0.5194299961777945,0.3083136437768827
7180533,0.0017735132061204217,0.11664094565943098,0.8815855411344488
7098208,0.0259374990974407,0.15029530850009273,0.8237671924024665
7205075,0.002295062151021903,0.036365041085396184,0.9613398967635819
7219170,3.5789872604242104e-05,0.005707345317078802,0.994256864810317
7114428,0.0009967519737844105,0.011951101737855917,0.9870521462883596
7167998,0.004438428939553503,0.2020729226829559,0.7934886483774906
7201569,0.03294692705631553,0.35069851575666666,0.6163545571870177
7195872,0.009377459351910245,0.22709506243728514,0.7635274782108047
7116018,0.0022081359677846714,0.032823888798481506,0.9649679752337338
7134452,0.34288938806177893,0.4879132928979608,0.16919731904026034
7126258,0.015577279400948246,0.2299214882088234,0.7545012323902284
7159955,0.0001439045379159052,0.028337845416078547,0.9715182500460057
7202040,0.4476445015813311,0.37360079768893406,0.17875470072973482
7138245,7.2036250303421e-07,0.0008368088648072241,0.9991624707726898
7131617,0.0895060855720791,0.4593646630313292,0.4511292513965918
7092359,0.2683754148420071,0.25540058908517826,0.47622399607281457
7171511,0.026645475542655866,0.26190046603193146,0.7114540584254126
7221698,0.23363298609058128,0.6091803531694517,0.15718666073996698
7156581,0.16388993847450972,0.4073164583285826,0.4287936031969078
7192499,0.017711940334778183,0.1898813323855738,0.7924067272796479
7135284,6.991552654833421e-05,0.007682144791314457,0.9922479396821371
7171847,0.012020648500808537,0.09399697910180416,0.8939823723973872
7222777,5.194340082503955e-05,0.006202769004305021,0.9937452875948699
7171334,0.0805260179342647,0.4881272920269706,0.43134669003876464
7171255,0.2957159405086027,0.5012352925473581,0.20304876694403923
7177354,0.31490944311846514,0.31553877813823455,0.36955177874330025
7168405,0.289912940939805,0.5758861525153186,0.13420090654487635
7092661,0.06340809243283951,0.3924961929214487,0.5440957146457118
7099405,0.4697786853819486,0.37591195098994074,0.1543093636281107
7137567,0.03405603589307001,0.2213239814883342,0.7446199826185957
7197379,0.07837659239046438,0.451341629719137,0.47028177789039854
