listing_id,high,medium,low
7170325,0.10325770335426265,0.3596148135078724,0.5371274831378648
7092344,0.09126872275074037,0.3469623437571798,0.5617689334920797
7158677,0.04057638306944537,0.23768264569919434,0.7217409712313598
7211212,0.053567123368148596,0.24310540487372506,0.7033274717581265
7225292,0.016833713170145995,0.12538078521691312,0.8577855016129405
7226687,0.14779137868563302,0.3873865865315892,0.4648220347827779
7126989,0.07830117803588263,0.329998222422083,0.5917005995420342
7114138,0.1752859804035366,0.3923593398861999,0.4323546797102631
7131094,0.1643209397541356,0.3395425498734689,0.4961365103723957
7224815,0.015342999676560977,0.10965816141052968,0.8749988389129093
7107333,0.011223714244744123,0.09350125689785639,0.8952750288573996
7088993,0.14715882036892183,0.4081848033158066,0.44465637631527133
7216312,0.09983646093682053,0.3534605965549397,0.5467029425082398
7140668,0.025692859529518663,0.15962478221169998,0.8146823582587813
7141160,0.02429562507062863,0.16233272513627464,0.8133716497930965
7753784,0.08727071442693726,0.30630876582574906,0.606420519747314
7140840,0.06568961655454673,0.2830912084537763,0.6512191749916771
7172046,0.08605260973143314,0.3242272328913211,0.5897201573772459
7168225,0.019949079040464713,0.13693607296048743,0.8431148479990477
7213185,0.008362362063566659,0.03132700727243989,0.9603106306639932
7206465,0.056800305035095394,0.2318201165698151,0.7113795783950894
7134612,0.011034803129146615,0.09207636675383413,0.8968888301170189
7156935,0.008484493757829704,0.07513885691105636,0.916376649331114
7096161,0.015501984100264548,0.12110743198381006,0.8633905839159254
7131812,0.07586889003811821,0.31677773289644745,0.6073533770654342
7185840,0.060707799129681786,0.23830723982041974,0.7009849610498988
7114220,0.007624015614697724,0.04114340384621549,0.9512325805390871
7231209,0.07326466860681166,0.31069145801289866,0.6160438733802897
7229242,0.04932657340313079,0.21465300095084436,0.7360204256460249
7089887,0.05000186917361767,0.2681240432640043,0.681874087562378
7217009,0.04652612083472098,0.24077117613097518,0.7127027030343037
7167986,0.20821453386280545,0.309956032592537,0.48182943354465757
7126940,0.14663020188425616,0.3983063478395603,0.45506345027618295
7159596,0.10143982848238131,0.3621146062737561,0.5364455652438627
7111210,0.20695133830277035,0.41674633782630793,0.3763023238709215
7152345,0.04668939561175472,0.17480485300026852,0.7785057513879768
7204899,0.04920733199212778,0.2395730646186702,0.7112196033892019
7230245,0.18463483777103779,0.3365062187117512,0.47885894351721076
7211226,0.02081169777368637,0.10132903115273645,0.8778592710735772
7195563,0.02990602430808245,0.18590314833315214,0.7841908273587651
7181313,0.10558489291790986,0.3605985677235987,0.5338165393584912
7206858,0.009642680546577784,0.09051752657512044,0.8998397928783017
7126878,0.1376523080654437,0.34894994004107277,0.5133977518934838
7174518,0.005342409095002552,0.02950305349114079,0.9651545374138567
7209804,0.06767952980029501,0.2873989690280564,0.6449215011716486
7119598,0.00876183018407859,0.0862297592867887,0.9050084105291328
7133917,0.007977959721882907,0.06506903020853508,0.9269530100695823
7174224,0.0777583911196872,0.31579564525127635,0.6064459636290367
7157060,0.15540949788539996,0.4099929621431465,0.4345975399714534
7173006,0.07514993092102512,0.23863134777869446,0.6862187213002805
7216314,0.023097590704012603,0.15885179468004965,0.8180506146159381
7219476,0.00846956884156303,0.0736952562310047,0.9178351749274325
7139119,0.01276832642541702,0.09627743200189527,0.8909542415726874
7206653,0.03704502475783986,0.20562230559648292,0.7573326696456771
7091061,0.10188684085529075,0.34291332577491984,0.5551998333697896
7097027,0.052986019089886184,0.2451573460948542,0.7018566348152594
7106145,0.13373593136391884,0.370617102977424,0.49564696565865735
7167352,0.035949625889617885,0.18945558095475565,0.7745947931556263
7168370,0.007191435575676856,0.049383248758293176,0.9434253156660298
7097907,0.039954040321494,0.1693723505795543,0.7906736090989517
7231268,0.1366466014662072,0.3808190998986626,0.4825342986351301
7136953,0.07073761426461952,0.3203077074357415,0.6089546782996391
7163499,0.011321819355063205,0.09774579989008712,0.8909323807548497
7205089,0.05483462172414691,0.23620550130498913,0.7089598769708637
7215442,0.012326842814466952,0.10896580907846504,0.8787073481070682
7221305,0.013727994691937079,0.095183926203303,0.8910880791047602
7218351,0.10542379392812141,0.3631690690367989,0.5314071370350795
7148695,0.07949954443119613,0.29374127169473657,0.6267591838740671
7134031,0.11123225750383538,0.30958485474599406,0.5791828877501708
7194919,0.041118707689086764,0.22874224442165092,0.7301390478892623
7198551,0.005082811161070074,0.045809827341163,0.9491073614977671
7090836,0.01054403274585043,0.08117240387780425,0.9082835633763454
7129585,0.02551947299515844,0.16074160192911435,0.8137389250757269
7107617,0.16455289202140372,0.4029802123541058,0.43246689562449026
7232120,0.0753916687253477,0.3257219603192945,0.5988863709553575
7158471,0.012386429221832038,0.05473069095378234,0.9328828798243857
7117491,0.014827759267256786,0.10598570331708114,0.8791865374156621
7194997,0.01563071733628842,0.12217858645389176,0.8621906962098194
7184842,0.17687014140174578,0.3906834585113732,0.43244640008688057
7111019,0.0750749804446764,0.3090548044994416,0.6158702150558819
7149858,0.024724996835681856,0.15571416480054473,0.8195608383637734
7141788,0.051549006962937745,0.27455815371780845,0.6738928393192536
7134172,0.07097690752710374,0.27846235247940976,0.6505607399934864
7233228,0.06524576719280838,0.2970184416366267,0.6377357911705648
7166956,0.011925677641242435,0.08485939180123059,0.9032149305575272
7134741,0.040515960266286906,0.16805665706799092,0.7914273826657222
7148587,0.012386819440918743,0.05004242236669316,0.9375707581923879
7114391,0.0636034535876578,0.2602984204042169,0.6760981260081252
7210245,0.016816014621938772,0.13040443185065634,0.8527795535274052
7200221,0.22092319169082159,0.44219669165098924,0.3368801166581893
7176451,0.00896068961287321,0.08222004276018824,0.9088192676269384
7112578,0.00980748859425287,0.07735286438371873,0.9128396470220287
7169964,0.11485527216375062,0.3674977876022048,0.5176469402340442
7129699,0.04529440150837236,0.21753225107986918,0.737173347411758
7192613,0.022154170923227398,0.1506339783050051,0.8272118507717673
7137236,0.013096818287051826,0.10156907112519095,0.8853341105877571
7129545,0.038931606739917184,0.222584744050683,0.7384836492094001
7167474,0.14235479149917313,0.34298769604496354,0.5146575124558637
7187520,0.014163308450145053,0.08998790848597182,0.8958487830638828
7219030,0.05251949206201732,0.23210921228223644,0.7153712956557465
7194762,0.018042517467738665,0.13162224253877486,0.8503352399934861
7223079,0.09607504419904861,0.30915299957209175,0.5947719562288595
7197337,0.06592628611441008,0.3041610291719255,0.6299126847136646
7103559,0.11558418296591556,0.38704296543550054,0.49737285159858385
7112266,0.11914611642513771,0.38307616867142985,0.4977777149034323
7172018,0.14982215151533873,0.41080079383569046,0.43937705464897087
7161834,0.1535929104601744,0.39799801917365213,0.4484090703661735
7135375,0.05019650281216079,0.24318959688546887,0.70661390030237
7129249,0.009947353809472505,0.08156150734285374,0.9084911388476735
7125143,0.03204693913340694,0.18831957179608946,0.7796334890705034
7151407,0.3414854274613093,0.4414553565802594,0.21705921595843156
7223550,0.008776584912809743,0.07782358717637322,0.913399827910817
7223021,0.17365240195408937,0.3850415446086352,0.441306053437275
7174183,0.078820804705926,0.3168399003962486,0.6043392948978255
7202273,0.006711703253334683,0.03442505532694998,0.9588632414197152
7161696,0.0935091096035568,0.3187646462999449,0.5877262440964983
7225795,0.02966827107891702,0.1836807367218265,0.7866509921992563
7095668,0.006166901864640883,0.06045402289092975,0.9333790752444293
7234386,0.15562917496455708,0.41005867875751495,0.4343121462779278
7230215,0.2810330088838102,0.4348882521174259,0.2840787389987639
7127331,0.03524997284529738,0.19428981797862732,0.7704602091760754
7167945,0.026498161198181627,0.1721393539909831,0.8013624848108347
7190799,0.06830726324131271,0.3016204877375694,0.6300722490211178
7120422,0.022159280856248357,0.1431384873851506,0.834702231758601
7220083,0.018981940511154333,0.09871682701565274,0.8823012324731928
7103388,0.10510739172226335,0.28012773008262853,0.6147648781951083
7163634,0.366246239922746,0.3127189375521727,0.3210348225250815
7124748,0.21426115208403237,0.43006493663136797,0.3556739112845993
7220833,0.09190561209810377,0.32959037644695616,0.5785040114549401
7214952,0.08889200603542761,0.31780953054000427,0.5932984634245685
7116891,0.08440906306705327,0.3129566863245024,0.6026342506084441
7137270,0.04319678730509965,0.24272405448836698,0.7140791582065337
7137935,0.01831501199003401,0.1061078732950652,0.8755771147149009
7150092,0.07248621897572917,0.1995698329866009,0.7279439480376697
7144140,0.01150335030702023,0.08404636725087368,0.9044502824421062
7100389,0.08481852091877413,0.27937784321611314,0.6358036358651125
7221077,0.08334801322882782,0.3354373648450734,0.5812146219260989
7219078,0.11025427126719176,0.3645835032457215,0.5251622254870866
7095541,0.0264042306438383,0.13354143580048658,0.8400543335556747
7203328,0.11522710966201927,0.3555177829715193,0.5292551073664615
7087981,0.10870601944657243,0.35805846167910116,0.5332355188743262
7229492,0.05003264249607192,0.24330899328716565,0.7066583642167626
7206615,0.021469875303884306,0.1362441021177231,0.8422860225783925
7120758,0.048536321353723766,0.23156392846029955,0.7198997501859764
7107623,0.0690746637039678,0.2885077663465868,0.6424175699494453
7136685,0.039229231640644124,0.20712307274781958,0.7536476956115363
7146873,0.0598011222095386,0.1828061652937563,0.7573927124967047
7173496,0.13708022210698134,0.3997591571442868,0.4631606207487318
7223131,0.0788391949508608,0.30176475381163853,0.6193960512375007
7126261,0.3159993828715055,0.4442439499608408,0.2397566671676538
7153662,0.007217821483382195,0.03599006666959115,0.9567921118470266
7096174,0.18125854105193295,0.4166287515609021,0.4021127073871647
7169773,0.008252144967197821,0.04222667593791507,0.949521179094887
7166336,0.004073478827242568,0.024663489332165923,0.9712630318405917
7214496,0.02399053752275876,0.15530020781236958,0.8207092546648712
7132195,0.06967913128322187,0.26023107140719054,0.6700897973095874
7105198,0.03595440741780562,0.2008007186716136,0.7632448739105803
7105648,0.05297179173179655,0.26018523829318607,0.6868429699750171
7112992,0.050906663021749565,0.22571033148574793,0.7233830054925021
7192198,0.07513885591940372,0.31935772132287243,0.6055034227577238
7105389,0.19436256958259243,0.4434871778303568,0.3621502525870508
7120917,0.027507209300922975,0.1644113388516819,0.8080814518473951
7136806,0.14995018755888861,0.37808733349543416,0.47196247894567717
7109319,0.07191050797897292,0.3128922961965892,0.615197195824438
7115282,0.03952598134198717,0.2082466988218544,0.7522273198361582
7146676,0.09095681706775105,0.3004188935384715,0.6086242893937769
7215893,0.004521221523322751,0.025462264609594634,0.9700165138670824
7165629,0.06949516578565937,0.314270762738071,0.6162340714762696
7219540,0.05296316037010522,0.1673762731596053,0.779660566470289
7136465,0.04830534268040343,0.1556485373747225,0.7960461199448744
7232225,0.030126100787118897,0.17020680133624652,0.7996670978766347
7105202,0.07274864378212222,0.30789951643844204,0.6193518397794361
7126430,0.0353363157541397,0.21536852396778172,0.7492951602780781
7111867,0.007259424510074646,0.032436744314677364,0.960303831175248
7146798,0.011605525369234064,0.09268383780745806,0.8957106368233076
7092134,0.1563366805873892,0.41541985048756536,0.42824346892504517
7156595,0.17807864544432842,0.3190699140095032,0.5028514405461686
7230524,0.14674983306890876,0.40044048404572163,0.4528096828853695
7096089,0.016187700356057454,0.11119952134419156,0.8726127782997505
7204276,0.07020470190839415,0.31741049576280483,0.6123848023288007
7187503,0.007261633842738683,0.0630434816261379,0.9296948845311238
7157119,0.028750766802747792,0.18555151558304886,0.7856977176142032
7205310,0.007188079432682928,0.06293250485254312,0.9298794157147742
7116785,0.07695618398254582,0.2664785035396732,0.6565653124777809
7220345,0.016319786792699985,0.08682003904237455,0.8968601741649256
7213335,0.028056699317406106,0.15125565259611967,0.8206876480864739
7226774,0.062047869413974235,0.2943815575052062,0.6435705730808196
7139673,0.008856089421644732,0.07964208199456133,0.9115018285837945
7158994,0.17005121854589783,0.41624978026502557,0.4136990011890763
7233238,0.008789457046934311,0.0858031157880196,0.905407427165046
7139917,0.15786919190734217,0.3733816163846532,0.46874919170800466
7141300,0.03864818785835936,0.19623491845827554,0.7651168936833653
7145411,0.020953701460952927,0.13304528587952058,0.8460010126595262
7207430,0.05687419525725152,0.14790159429796332,0.7952242104447852
7125901,0.005212362463238113,0.03067529382516343,0.9641123437115984
7148635,0.021804210423641182,0.13701031785622614,0.8411854717201326
7190493,0.008169520738623799,0.06875272967361297,0.9230777495877633
7183609,0.13121837905114478,0.3836229251714616,0.4851586957773938
7105489,0.09904187549398469,0.3677871906066377,0.5331709338993771
7199702,0.11219339554123346,0.3840751123117619,0.5037314921470045
7232177,0.024296118316063216,0.15402582774977536,0.8216780539341612
7699396,0.19420463905965596,0.404124677296163,0.401670683644181
7187542,0.09929505428304387,0.27348576860816587,0.6272191771087902
7203495,0.04956458150728004,0.2632853548685206,0.6871500636241996
7154804,0.055649214935414894,0.2851390663017599,0.6592117187628251
7213096,0.006507051754227197,0.025612954939998447,0.9678799933057745
7229112,0.040161857663438216,0.21962885448807057,0.7402092878484909
7195985,0.090125506548133,0.33740872475471834,0.5724657686971487
7128989,0.1719070214958643,0.37592197814054845,0.4521710003635873
7201340,0.21669636096354045,0.41519577326425294,0.36810786577220694
7160416,0.16803489764251286,0.40045025861366573,0.4315148437438214
7145487,0.031783397521020676,0.18240778101818356,0.7858088214607957
7132045,0.023257594932728488,0.14462172942419024,0.8321206756430809
7127946,0.17194305668320142,0.3004392865778892,0.5276176567389096
7164531,0.03357863258281834,0.1927467321558201,0.7736746352613618
7221942,0.19353996715324717,0.4311087000990188,0.37535133274773386
7192439,0.03971311913370078,0.1645522749659821,0.7957346059003174
7140922,0.07832291450007034,0.313189388982812,0.6084876965171178
7181426,0.1714556323804524,0.4174411337095348,0.4111032339100125
7088015,0.005443897514482772,0.045026621243769674,0.9495294812417479
7162106,0.13955994624363038,0.3906100919584085,0.4698299617979609
7138311,0.0062175371349295246,0.029016557100977582,0.964765905764093
7188806,0.09564370850128304,0.2966681574836466,0.6076881340150702
7164370,0.019727874956247553,0.12865423756724984,0.8516178874765025
7162259,0.014459712160089315,0.11066974104100953,0.8748705467989013
7131606,0.1843043021625875,0.4272156380306441,0.3884800598067682
7204441,0.08866044850593653,0.3114234727515258,0.5999160787425376
7189092,0.03452032356877535,0.1493668585904881,0.8161128178407364
7119739,0.07629488547642041,0.28545353897757725,0.6382515755460024
7099579,0.05064400439428887,0.25510833444878184,0.6942476611569294
7164940,0.04131652971041337,0.21066419302640144,0.7480192772631851
7091677,0.11530570240480632,0.33334882477494965,0.5513454728202439
7159173,0.08400860982173358,0.30693044786907264,0.6090609423091942
7144584,0.003460869590769659,0.020793902924771086,0.9757452274844591
7170465,0.04250373062121925,0.2240714475276577,0.733424821851123
7145105,0.04461349803721663,0.2038441051446118,0.7515423968181714
7174989,0.01460323512028667,0.10386655124575755,0.8815302136339559
7187660,0.042306483614624954,0.18855659767858277,0.7691369187067918
7101204,0.006415680889352943,0.030918970654837223,0.9626653484558096
7174250,0.19824387877118832,0.4199549582064486,0.38180116302236267
7206561,0.02578999380898987,0.10350714083801459,0.8707028653529955
7168239,0.004599558942695262,0.03865129916099546,0.9567491418963096
7115466,0.1384615599760632,0.3805252827421905,0.48101315728174626
7150492,0.1282414638362258,0.375904630506415,0.4958539056573587
7200687,0.20198499144147022,0.4350423348543481,0.3629726737041816
7118336,0.02544893461935586,0.15811593660461468,0.8164351287760294
7113766,0.07556171115761791,0.32098365875551077,0.6034546300868714
7234398,0.024925565993360436,0.15416359645634994,0.8209108375502894
7219996,0.023400049913542588,0.10729971051936994,0.8693002395670874
7166766,0.13158390867254535,0.39332334570585414,0.47509274562160025
7168961,0.2340964045574427,0.41422626783982736,0.3516773276027298
7091303,0.037655135015164806,0.18982397768970638,0.7725208872951288
7113377,0.18773873910416347,0.42483851023382774,0.38742275066200854
7116917,0.16756982972967083,0.4073047006581153,0.4251254696122141
7157778,0.03596848792687113,0.2066009820862439,0.7574305299868848
7143672,0.03928574972083801,0.207644520171989,0.7530697301071728
7185468,0.1784552019887294,0.4439409673436466,0.3776038306676238
7209367,0.16707800589923727,0.41898451308762846,0.41393748101313416
7131313,0.0803643659912783,0.3126808374909371,0.606954796517785
7090615,0.08992996514213616,0.3160344507872118,0.594035584070652
7119653,0.007480005742177761,0.042730889285239444,0.9497891049725825
7214357,0.018023722469491906,0.1370989297490711,0.8448773477814366
7190958,0.3689144275595096,0.36597083310897643,0.26511473933151414
7185090,0.047729598342808065,0.2374614425994856,0.7148089590577061
7106402,0.009062643701600008,0.04963335457599035,0.9413040017224095
7091710,0.0627352692005624,0.2875238191425459,0.649740911656892
7229732,0.08715082586117025,0.27524350078682713,0.6376056733520028
7191894,0.15271896603740978,0.3669460899456863,0.48033494401690424
7110757,0.04135348159402235,0.23088526112897584,0.7277612572770017
7099217,0.0785836298920491,0.25631501859425837,0.6651013515136924
7225712,0.02114890845932049,0.1366167200016445,0.8422343715390347
7168382,0.007347806724129709,0.03965952150217562,0.9529926717736944
7233700,0.04221032478914054,0.22605066042929142,0.7317390147815679
7194838,0.19611228149957288,0.38471697808328237,0.41917074041714497
7087718,0.15916266114378272,0.3250621826411132,0.5157751562151041
7176108,0.10112316343148171,0.2814558753066473,0.6174209612618714
7208072,0.08704276779550982,0.3305247322169641,0.5824324999875257
7223233,0.1353622668844771,0.3932078678907304,0.4714298652247923
7142533,0.14102130972759866,0.33517633002480274,0.5238023602475986
7102561,0.045447948059563675,0.1991492037404637,0.7554028481999726
7151758,0.028032381008522032,0.1505557446965924,0.8214118742948856
7155462,0.07249353157249717,0.2857007010709057,0.6418057673565969
7192662,0.12408020294706093,0.3873314787338272,0.48858831831911215
7158810,0.1641166108851764,0.40532758496638993,0.43055580414843336
7170591,0.20036521558556863,0.40115726282428105,0.3984775215901502
7300648,0.38854195477372744,0.3712827828263148,0.24017526239995785
7147363,0.4670799547896899,0.3604625921502303,0.17245745306007934
7099751,0.1629036929516946,0.3999473199820475,0.43714898706625777
7210590,0.08439472159412939,0.3161961574872288,0.5994091209186417
7153703,0.0051930593449538275,0.02261800267787692,0.9721889379771691
7204272,0.21526997476038748,0.4069866423461897,0.377743382893423
7121308,0.057976907736072954,0.22313736182081026,0.7188857304431169
7168526,0.10578001873183306,0.3558656579935633,0.5383543232746038
7114682,0.05433101966471284,0.1983440793734956,0.747324900961791
7223738,0.005820209109939429,0.055397606896494055,0.938782183993567
7134558,0.0921559484431425,0.2831655852205148,0.6246784663363423
7226520,0.01570054848931156,0.11700607987313992,0.8672933716375485
7112715,0.010599649629527018,0.09295686122839161,0.8964434891420817
7087774,0.0069238615333417595,0.03360677825575546,0.959469360210903
7161513,0.06589231869821804,0.2927511288993654,0.6413565524024168
7179526,0.00555950268915969,0.05008500857306783,0.9443554887377725
7224031,0.09249068848206071,0.3357308514160411,0.5717784601018979
7207741,0.03838886581551617,0.17259388078160284,0.7890172534028809
7106492,0.004971106624613326,0.02564749763628251,0.9693813957391041
7158913,0.06035057239585181,0.25274166306425905,0.6869077645398892
7173462,0.15448543466960277,0.404051536034796,0.44146302929560144
7200621,0.15569408936968457,0.4207983391178062,0.4235075715125094
7187028,0.11567984371619465,0.30518759872446805,0.5791325575593369
7125363,0.017258327413353283,0.1381633770368174,0.844578295549829
7130366,0.008170723015262882,0.08130577889334428,0.9105234980913931
7139958,0.00847280475487149,0.06051638756914261,0.931010807675986
7208769,0.007982524900790157,0.07035472289750586,0.9216627522017045
7103416,0.03253967811037357,0.20380664353047348,0.763653678359153
7090765,0.007003285533219416,0.04424598001936621,0.9487507344474142
7117601,0.20143216052627524,0.43504418146341856,0.3635236580103061
7137984,0.011952507059272978,0.08789696709766953,0.9001505258430577
7100838,0.00528118249415817,0.02353481017733633,0.9711840073285056
7144427,0.11626362657054337,0.342220392508266,0.5415159809211906
7135068,0.0587127544771984,0.26346702331423166,0.6778202222085702
7202577,0.005730823711445432,0.029674034540239848,0.9645951417483147
7156817,0.02808396042578229,0.16627543296807412,0.8056406066061435
7137239,0.058931202794048204,0.2582035107269869,0.6828652864789653
7206216,0.0264479318319187,0.155290282365627,0.8182617858024539
7110900,0.09167671910029634,0.3390291618563936,0.5692941190433103
7214414,0.054549711486771305,0.263440683874963,0.6820096046382658
7130424,0.18800245045181982,0.3883461334490724,0.4236514160991079
7152362,0.033341340368397226,0.20143865505403172,0.7652200045775711
7088531,0.068484933442071,0.2832816726662801,0.6482333938916489
7168341,0.040098591303033344,0.2157264750276933,0.7441749336692736
7159381,0.0593955538858812,0.2686923690808775,0.6719120770332414
7164902,0.18372140439053802,0.34928393413400466,0.46699466147545754
7124373,0.017613167702137243,0.10842857537209181,0.8739582569257709
7230906,0.13403349857105393,0.40572898776951655,0.4602375136594295
7184708,0.21758378586259727,0.4398483069482397,0.3425679071891631
7193065,0.12968703350702024,0.3880423517724033,0.48227061472057603
7166642,0.04091061447593716,0.13836705517652892,0.8207223303475343
7224785,0.06085902719583218,0.25992543000549156,0.6792155427986758
7119275,0.14017995675025097,0.4001175640130788,0.4597024792366702
7157285,0.05223419959913717,0.22890370950130734,0.7188620908995553
7217806,0.07093047579822452,0.2745808138834806,0.6544887103182947
7091219,0.042298408200787056,0.22477067807173212,0.7329309137274808
7135976,0.03213366951738173,0.20302303104230401,0.7648432994403143
7201922,0.07136641805178189,0.3010559584905209,0.6275776234576971
7170059,0.06584846104535376,0.2716516914645798,0.6624998474900664
7129328,0.03944612412630406,0.19692085088335667,0.7636330249903396
7160501,0.061059823451161094,0.2941907729571668,0.644749403591672
7167754,0.021259373115867997,0.15225781363829657,0.8264828132458358
7215169,0.019988873841895977,0.1399122677931863,0.8400988583649175
7130741,0.008203185842272774,0.07363717127110572,0.9181596428866214
7157915,0.23012701460399096,0.41671102253973075,0.35316196285627866
7153893,0.005451285705322367,0.029826387455045497,0.9647223268396321
7175290,0.10434126965657342,0.3772603331110423,0.5183983972323841
7222894,0.005674517532281216,0.05391944247598366,0.9404060399917357
7143730,0.049620846075985804,0.23533577846826864,0.7150433754557455
7127900,0.004931729760529839,0.027778163271653358,0.9672901069678165
7096090,0.007078740610869623,0.07397620927734154,0.9189450501117891
7143025,0.1496022910221894,0.4003926593842618,0.45000504959354876
7117553,0.0184460105573713,0.1223454425434038,0.859208546899225
7185559,0.08159567464647341,0.34946688234425527,0.5689374430092713
7232795,0.16016889625070335,0.4183849957595919,0.42144610798970467
7095707,0.013974162436769931,0.1011695998361144,0.8848562377271156
7198777,0.09908547738808793,0.3412676080561087,0.5596469145558032
7123382,0.054799389035688977,0.21105521659906393,0.734145394365247
7158186,0.11896614913152521,0.33636260790037803,0.544671242968097
7126821,0.48283571964336874,0.325478277796465,0.19168600256016632
7171981,0.04124087892027067,0.23254698108756344,0.7262121399921659
7147974,0.19464396995626995,0.4225886396830505,0.3827673903606791
7090493,0.051549582250304614,0.22651911223887808,0.7219313055108172
7092218,0.32626317441115626,0.3937828603170504,0.2799539652717935
7088124,0.02358050124920731,0.1534509215252068,0.8229685772255859
7187536,0.009044962007878025,0.0377658901246761,0.9531891478674459
7088568,0.01980648120282155,0.128284831872368,0.8519086869248107
7166833,0.010265590284079166,0.08636278140325428,0.9033716283126667
7088798,0.1493513282854599,0.4085163178622398,0.44213235385230026
7204708,0.022368336900769156,0.13543101037358135,0.8422006527256491
7103044,0.02050576341079978,0.14797105615613668,0.8315231804330632
7194049,0.05679420405702055,0.27625883423781983,0.6669469617051599
7169942,0.07431103453138703,0.3025326462122499,0.6231563192563634
7170318,0.15452458516954637,0.4103618831194332,0.4351135317110203
7165386,0.08660684685668289,0.27967818403283107,0.6337149691104859
7206346,0.11829380725746245,0.36657567748524483,0.5151305152572926
7208337,0.04135982747721946,0.1935851083142196,0.7650550642085606
7140820,0.07287364190534243,0.300287817085592,0.6268385410090649
7194486,0.133434152997775,0.34047980389589505,0.5260860431063298
7105614,0.07195796869114912,0.3240028002834945,0.604039231025356
7178265,0.12270195856573606,0.39169517291282296,0.48560286852144136
7439407,0.023639385987203203,0.11499575015771255,0.8613648638550842
7135550,0.01076353099154009,0.08286574867768574,0.9063707203307743
7092435,0.008825428525548584,0.08907584282457427,0.9020987286498768
7189120,0.07773006435260837,0.25616247697314115,0.6661074586742503
7127815,0.01903156841143683,0.09214705631814801,0.8888213752704152
7099446,0.04791886569389535,0.24514158540204273,0.7069395489040619
7123391,0.024122681863606246,0.1375003293187956,0.838376988817598
7227520,0.08145326951185568,0.28660126885202736,0.6319454616361166
7141615,0.03937350224505243,0.21951475339138948,0.7411117443635572
7185499,0.2704766368743247,0.4129437361261803,0.3165796269994951
7150727,0.0308634366012032,0.15054246369188692,0.8185940997069102
7115250,0.008719761409344275,0.05945093471935901,0.9318293038712971
7182954,0.1354030967123156,0.39440135387592473,0.47019554941175973
7212945,0.11171171394841392,0.3289727625416478,0.5593155235099385
7214737,0.03765605756088599,0.17252574118680428,0.7898182012523097
7162022,0.04026227620362683,0.20751874482646662,0.7522189789699066
7184817,0.034929786167619804,0.21071037412297483,0.7543598397094051
7126169,0.09336310270115454,0.3351883407130853,0.5714485565857604
7218092,0.0562916467035674,0.27009005248111406,0.6736183008153185
7130017,0.4530858658191221,0.36169426944052924,0.18521986474034904
7158870,0.10510144802586971,0.35245884972970404,0.5424397022444262
7185260,0.01732935330992031,0.13152571990306738,0.8511449267870126
7133320,0.004251788724914216,0.03014399243116611,0.9656042188439199
7134086,0.01877652320082035,0.09980523140564387,0.881418245393536
7115154,0.007168410186739963,0.06702982146657069,0.9258017683466894
7223279,0.06024434180965714,0.26503062613178174,0.6747250320585614
7135324,0.05603994281558562,0.16102555982730452,0.7829344973571103
7140186,0.01800034410374306,0.12080850589076081,0.8611911500054962
7208829,0.043604983818649135,0.22662561790685193,0.7297693982744988
7195591,0.29322422859578323,0.406072265916141,0.30070350548807573
7132576,0.049559271520291395,0.1733399772961682,0.7771007511835403
7128756,0.0052270444841363995,0.02915154545312194,0.9656214100627416
7124104,0.12403176761540723,0.3760006840580092,0.49996754832658336
7096061,0.005871834432820142,0.047937596281296936,0.9461905692858827
7152668,0.35053143890982386,0.4177559326433326,0.23171262844684393
7146106,0.0473947785208516,0.24012952005146165,0.7124757014276865
7162304,0.06894872045654547,0.29499332551996377,0.6360579540234906
7138891,0.008914633713916011,0.06918745585316044,0.921897910432924
7145131,0.012902347536986696,0.0972704850975043,0.8898271673655093
7109739,0.04595969150938846,0.24255620355407884,0.7114841049365327
7121138,0.05011173084001086,0.23716898881427306,0.7127192803457163
7119893,0.07812037573331444,0.29920249701002616,0.6226771272566595
7180107,0.0701106087373128,0.30118833788397487,0.6287010533787122
7197581,0.0071934474975576986,0.0639341416139003,0.9288724108885417
7146503,0.06819873163625086,0.2270257060360493,0.7047755623276997
7165066,0.16578644787039423,0.4045709934363173,0.4296425586932882
7126403,0.1261523977503253,0.3815459584577452,0.4923016437919291
7152179,0.038831639873131985,0.20672793839627077,0.754440421730597
7113375,0.23635436172714913,0.41412445366232364,0.34952118461052745
7228553,0.0066613886936671245,0.03342046890986809,0.9599181423964649
7200224,0.17683478393328142,0.4244227661849301,0.39874244988178853
7111118,0.07004782169446336,0.31349486182392133,0.6164573164816153
7159977,0.08816777309632268,0.32766936054877877,0.5841628663548984
7156707,0.1039058889506226,0.36628115206390716,0.5298129589854703
7101317,0.0070664610222549605,0.06564447732592818,0.9272890616518168
7225762,0.06979644380779915,0.3078287532993513,0.6223748028928495
7208269,0.11739437989813183,0.3805772916998553,0.5020283284020127
7093542,0.03153004817822965,0.1871851814477967,0.7812847703739735
7165907,0.0038153180900943997,0.022088317692949843,0.9740963642169556
7170729,0.106641125115988,0.3705532581028047,0.5228056167812071
7132997,0.1611555417435132,0.39130838525592204,0.44753607300056436
7118099,0.009055093917888338,0.07101468025639225,0.9199302258257194
7091365,0.090433444891354,0.3369019085220678,0.5726646465865781
7140656,0.08426041615415696,0.3360185737526014,0.5797210100932417
7158052,0.08426526496908353,0.22489665865072847,0.6908380763801882
7099910,0.04009929242966287,0.21177875723622472,0.7481219503341127
7150580,0.12710842405223388,0.3733479930897584,0.4995435828580072
7098239,0.16645993617796204,0.38584341385795873,0.447696649964079
7197078,0.05530036453012316,0.2616476647555997,0.683051970714277
7162719,0.05281637690131456,0.2614199489751792,0.6857636741235064
7211853,0.031570844323737135,0.18611853803510273,0.7823106176411599
7097605,0.16815502801334858,0.40488822307169475,0.42695674891495655
7101194,0.005240323786894296,0.030652176860730258,0.9641074993523754
7133240,0.21009784881353125,0.3013248951089951,0.4885772560774741
7108891,0.01244255923833801,0.08714964372272326,0.9004077970389388
7117383,0.011542214147771892,0.08587027574042841,0.9025875101117994
7093570,0.17962589138848084,0.409009787138065,0.4113643214734538
7227943,0.022375357073148607,0.11264096097676815,0.8649836819500833
7188441,0.021092198284934333,0.14514584586653098,0.8337619558485344
7123083,0.22029750905611034,0.4197057226832213,0.35999676826066834
7200547,0.057840785236895724,0.24687121794645156,0.6952879968166524
7112964,0.046297740457916466,0.20957694503326454,0.7441253145088191
7196283,0.017785077225849856,0.10635954320650401,0.8758553795676461
7122998,0.02110506775214847,0.14187628560928933,0.8370186466385618
7143211,0.10207628947252585,0.3358366812922292,0.562087029235245
7096958,0.011360441835564155,0.08677370117635226,0.9018658569880837
7212066,0.09717357917754807,0.3202804840589947,0.5825459367634575
7224977,0.009015742197957734,0.08149300823085781,0.9094912495711847
7164077,0.09785021565547701,0.33896817342060637,0.5631816109239167
7189663,0.032105727275565106,0.15893706412451786,0.8089572085999169
7191992,0.12106603522393579,0.3746861606404186,0.5042478041356456
7096628,0.021636499169337672,0.14846858393245058,0.829894916898212
7128513,0.08509375724011391,0.3163386261970264,0.5985676165628596
7145258,0.017787880481365804,0.12524674303765976,0.8569653764809745
7121447,0.029563209518817572,0.1632742095241969,0.8071625809569855
7175233,0.03742318987789866,0.17528004347129314,0.7872967666508083
7214718,0.022980565975998256,0.14411430852122376,0.8329051255027775
7097227,0.24744912208671715,0.32786958090004753,0.4246812970132352
7129717,0.305000727635689,0.450471766663942,0.24452750570036916
7213268,0.005758678105596913,0.02369922664031969,0.9705420952540834
7215152,0.009207806964863232,0.03898681087044736,0.9518053821646892
7116433,0.06254836024173374,0.2749112062130793,0.6625404335451871
7134839,0.16735663256189273,0.4275689407369223,0.4050744267011849
7132340,0.03527602891977226,0.21404413348304288,0.7506798375971847
7178261,0.05596715292469117,0.27111454063492063,0.672918306440388
7110722,0.07566805614797123,0.3174075429589697,0.6069244008930594
7117144,0.004410457314726131,0.02905298379029558,0.9665365588949787
7105336,0.036721828794826286,0.15066516449519887,0.8126130067099742
7099855,0.16465346036704953,0.4298483706279386,0.40549816900501195
7230152,0.009506313604623708,0.036998371060327745,0.9534953153350485
7231519,0.01480922999379895,0.09438191367329239,0.8908088563329088
7145921,0.30603058907396496,0.44450984483923167,0.24945956608680375
7110847,0.06953768407372521,0.31335673323208013,0.6171055826941949
7112314,0.012555018881326896,0.09515375326675486,0.8922912278519183
7104891,0.08373716669657076,0.31650668974186447,0.5997561435615648
7172700,0.16438698319362027,0.40197201485785966,0.4336410019485199
7200298,0.06951394472388818,0.30538160997516456,0.625104445300947
7171498,0.13713609876843746,0.3902555822982704,0.47260831893329225
7154611,0.03788645697570789,0.20852639385494445,0.7535871491693479
7527148,0.024617528733650196,0.15504230846211722,0.8203401628042327
7157154,0.09559509058004206,0.31354975899973303,0.5908551504202252
7137663,0.034873105377558805,0.18627816342355988,0.7788487311988814
7195515,0.008531194770199927,0.07967306837173112,0.9117957368580689
7217169,0.2237926097956604,0.41846959619352825,0.3577377940108113
7209350,0.1904713209466914,0.44150833807591755,0.36802034097739106
7163306,0.1173255975261449,0.362610122078496,0.520064280395359
7197474,0.024234176741194085,0.1541389878632798,0.8216268353955263
7231004,0.006355814205758653,0.056105387725739864,0.9375387980685019
7159380,0.05720020526160175,0.23180860476333218,0.710991189975066
7123572,0.010518699351032624,0.08678716060201548,0.9026941400469519
7191368,0.15280361340477333,0.40526349847860305,0.44193288811662335
7152555,0.006460062076102044,0.05915046125664651,0.934389476667251
7216308,0.11955189755616312,0.3845657744123661,0.4958823280314705
7089607,0.03994404990121372,0.2280341857714391,0.7320217643273471
7146576,0.02246205431824426,0.13271212906454255,0.8448258166172137
7226283,0.04101857028717409,0.22673028402053333,0.7322511456922925
7154617,0.02062659673699963,0.13516419125634244,0.8442092120066581
7155290,0.01326647595676067,0.09607631185043349,0.8906572121928055
7088441,0.009600564435185146,0.09276225605758172,0.8976371795072331
7193312,0.042820153542965846,0.19949655802375776,0.7576832884332763
7221535,0.027009556416469512,0.16804698369796778,0.8049434598855628
7142402,0.009784647073003704,0.07651469468830963,0.9137006582386871
7135382,0.14644285142637617,0.37818881751647143,0.4753683310571523
7152982,0.0081040535981247,0.06903715300638363,0.9228587933954918
7158841,0.14143852741075472,0.3581056436700008,0.5004558289192447
7106533,0.03109159707975131,0.13695506429930357,0.8319533386209452
7112395,0.1334179441037324,0.39644913131249176,0.47013292458377576
7154174,0.05953706942426462,0.28927311451454735,0.6511898160611884
7091023,0.008033784239653423,0.04091041528504114,0.9510558004753051
7135662,0.011569850526514299,0.10287060081233287,0.8855595486611529
7116134,0.020133724898952456,0.12185341786370514,0.8580128572373421
7234345,0.0060517433932857,0.04805318072617494,0.9458950758805394
7193206,0.027657651452531257,0.17013391343396672,0.8022084351135017
7216912,0.05159368450124613,0.25274395434688457,0.6956623611518691
7095936,0.010890535757833542,0.08843982613440754,0.900669638107759
7093169,0.1410402325528949,0.4152483636190907,0.44371140382801416
7144609,0.07265055825887651,0.15049743763786702,0.7768520041032565
7167712,0.20982059909712203,0.39094827145029865,0.39923112945257927
7231483,0.010237344079130972,0.09064931015326358,0.8991133457676058
7206594,0.21356451224826045,0.41277831113839386,0.373657176613346
7202822,0.010060404319505977,0.031323046975388,0.9586165487051064
7225587,0.1513803273295045,0.39614522040049704,0.45247445226999844
7123487,0.02329988094199994,0.16176895528375776,0.814931163774242
7211664,0.07681680376439894,0.3112638348760754,0.6119193613595257
7222295,0.0649971042080597,0.22252949282740048,0.7124734029645401
7158858,0.03315658921508239,0.19625266608417435,0.7705907447007434
7167084,0.015345166001028835,0.11290366821422348,0.8717511657847481
7147023,0.006931172834711016,0.0667188367211931,0.9263499904440956
7151465,0.14724004913469077,0.3569836725582172,0.495776278307092
7222897,0.009393817417541613,0.0734949641967942,0.9171112183856642
7141466,0.08256917120994915,0.3411772228596767,0.576253605930374
7151245,0.3937438670361229,0.38301570925739437,0.22324042370648253
7092884,0.20007288296380624,0.4107738494319511,0.38915326760424307
7180533,0.030065520885533215,0.1623314951239523,0.8076029839905146
7098208,0.038160204215698566,0.17499054909565814,0.7868492466886431
7205075,0.007705771847475342,0.051875840355744274,0.9404183877967798
7219170,0.0050332758181169356,0.04056389422867227,0.9544028299532111
7114428,0.004416922764594606,0.022771972490263328,0.9728111047451423
7167998,0.11680822024042195,0.3501827647712814,0.5330090149882966
7201569,0.08448252462670365,0.33004620816846253,0.5854712672048336
7195872,0.041711441008473696,0.22979635192463677,0.7284922070668897
7116018,0.017536683496794735,0.11489818161200017,0.8675651348912049
7134452,0.1645008560931541,0.38873907580149863,0.4467600681053471
7126258,0.07916985709078846,0.2981206582445455,0.6227094846646662
7159955,0.008407542519215367,0.08203050728802495,0.9095619501927598
7202040,0.15650774466236583,0.4131472732284655,0.43034498210916844
7138245,0.0035678656852746455,0.022744113374736682,0.9736880209399887
7131617,0.13111251206240487,0.3831169917552834,0.4857704961823116
7092359,0.11160056109508988,0.2529203485350573,0.635479090369853
7171511,0.08067767585954931,0.2859529826306188,0.6333693415098319
7221698,0.09320368006912144,0.3374378388876777,0.5693584810432012
7156581,0.11507089832528376,0.3350747726595369,0.5498543290151792
7192499,0.018029241711779553,0.1342672307202649,0.8477035275679554
7135284,0.005731163458140582,0.046428646195199375,0.94784019034666
7171847,0.05399574340014334,0.15716678778501564,0.7888374688148411
7222777,0.004928749576400758,0.028663432072244432,0.9664078183513548
7171334,0.11268350451363247,0.36746839109328083,0.5198481043930867
7171255,0.2673704503068202,0.39965364001732506,0.33297590967585494
7177354,0.25943511774728417,0.3735126060326126,0.3670522762201032
7168405,0.1305286912433444,0.3799790291308954,0.4894922796257604
7092661,0.09897377488275193,0.3511157691198489,0.5499104559973995
7099405,0.20219212447348045,0.42745480161187693,0.3703530739146422
7137567,0.0657550855775449,0.24658953897259062,0.6876553754498644
7197379,0.09880124840772582,0.3438759838443315,0.5573227677479428
7211473,0.015482504099569612,0.11431184430414322,0.8702056515962869
7206690,0.04518990940786791,0.24880525340008874,0.7060048371920435
7168685,0.05056812928039822,0.22294380985042528,0.7264880608691765
7186108,0.029914408823750408,0.19114757923602624,0.7789380119402234
7233078,0.1244443282099328,0.3893323899729713,0.4862232818170958
7193452,0.02624916072631795,0.16239885399653117,0.8113519852771511
7092293,0.12523964919219652,0.38641646457776097,0.4883438862300422
7154744,0.01695265304825119,0.12070142709974856,0.862345919852
